SIZES
  narena                14680064
  nbuffer               429024
  nplugin               0
  maxuse_stack          10304
  maxuse_arena          49816
  maxuse_con            13
  maxuse_efc            56
  solver_nisland        1
  ne                    0
  nf                    0
  nl                    5
  nefc                  45
  nnzJ                  810
  ncon                  10
  nisland               0
  threadpool            0

TIMER
    0:  duration =  0.58       number = 10
    1:  duration =  0.57       number = 10
    2:  duration =  0          number = 0
    3:  duration =  0.46       number = 10
    4:  duration =  0.011      number = 10
    5:  duration =  0.0028     number = 10
    6:  duration =  0.081      number = 10
    7:  duration =  0.0012     number = 10
    8:  duration =  0.051      number = 10
    9:  duration =  0.031      number = 10
    10:  duration =  0.34       number = 10
    11:  duration =  0.03       number = 10
    12:  duration =  0.00029    number = 10
    13:  duration =  0.063      number = 10
    14:  duration =  0.086      number = 10

SOLVER STAT
  solver_nisland = 1
  solver_fwdinv =   0         0       
  ISLAND 0
    solver_niter = 1
    solver_nnz = 324
      0:  improvement = -2.4e-15     gradient =  6e-16       lineslope =  7.9e-27 
          nactive = 45   nchange = 0   neval = 2   nupdate = 0

ENERGY =   0         0       

TIME =  3.4e+02 

QPOS
   0.0024  
  -0.034   
   0.083   
   0.96    
  -0.27    
  -0.0083  
  -0.069   
   0.89    
   1.2     
  -2.7     
   0.073   
   1.6     
  -0.84    
   1       
   1.2     
  -2.7     
   0.46    
   1.2     
  -2.7     

QVEL
   2.7e-07 
   8.6e-07 
  -5.9e-08 
  -1.4e-05 
   3.9e-07 
   1.7e-06 
   2.4e-05 
  -3.7e-06 
   2.2e-06 
   3e-05   
   5.3e-06 
   8.4e-08 
   3.2e-07 
   1.1e-05 
  -1.1e-05 
   3.8e-05 
   8.1e-06 
  -8.9e-06 

QACC_WARMSTART
  -2.8e-07 
  -9e-07   
   6.2e-08 
   1.4e-05 
  -4.1e-07 
  -1.8e-06 
  -2.5e-05 
   3.9e-06 
  -2.3e-06 
  -3.2e-05 
  -5.5e-06 
  -8.8e-08 
  -3.4e-07 
  -1.1e-05 
   1.2e-05 
  -4e-05   
  -8.5e-06 
   9.3e-06 

CTRL
   0       
   0       
   0       
   0       
   0       
   0       
   0       
   0       
   0       
   0       
   0       
   0       

QFRC_APPLIED
   0       
   0       
   0       
   0       
   0       
   0       
   0       
   0       
   0       
   0       
   0       
   0       
   0       
   0       
   0       
   0       
   0       
   0       

XFRC_APPLIED
   0         0         0         0         0         0       
   0         0         0         0         0         0       
   0         0         0         0         0         0       
   0         0         0         0         0         0       
   0         0         0         0         0         0       
   0         0         0         0         0         0       
   0         0         0         0         0         0       
   0         0         0         0         0         0       
   0         0         0         0         0         0       
   0         0         0         0         0         0       
   0         0         0         0         0         0       
   0         0         0         0         0         0       
   0         0         0         0         0         0       
   0         0         0         0         0         0       

QACC
  -2.8e-07 
  -9e-07   
   6.2e-08 
   1.4e-05 
  -4.1e-07 
  -1.8e-06 
  -2.5e-05 
   3.9e-06 
  -2.3e-06 
  -3.2e-05 
  -5.5e-06 
  -8.8e-08 
  -3.4e-07 
  -1.1e-05 
   1.2e-05 
  -4e-05   
  -8.5e-06 
   9.3e-06 

SENSOR
   0.073   
   1.6     
  -0.84    
   0.46    
   1.2     
  -2.7     
   0.89    
   1.2     
  -2.7     
   1       
   1.2     
  -2.7     
   3e-05   
   5.3e-06 
   8.4e-08 
   3.8e-05 
   8.1e-06 
  -8.9e-06 
   2.4e-05 
  -3.7e-06 
   2.2e-06 
   3.2e-07 
   1.1e-05 
  -1.1e-05 
   0       
   0       
   0       
   0       
   0       
   0       
   0       
   0       
   0       
   0       
   0       
   0       
   0.96    
  -0.27    
  -0.0083  
  -0.069   
   0.0033  
  -0.014   
   0.12    
  -1.4e-05 
   3.9e-07 
   1.7e-06 
   1.7e-07 
   1.3e-06 
   4e-07   
   0.52    
  -5       
   8.4     
   0.064   
  -0.42    
  -0.26    

XPOS
   0         0         0       
   0.0024   -0.034     0.083   
   0.2      -0.02      0.069   
   0.21      0.069     0.1     
   0.023     0.12      0.016   
   0.19     -0.098     0.12    
   0.17     -0.18      0.16    
  -0.036    -0.15      0.16    
  -0.18      0.03      0.048   
  -0.17      0.11      0.095   
  -0.36      0.18      0.014   
  -0.2      -0.049     0.096   
  -0.21     -0.14      0.1     
  -0.4      -0.12      0.014   

XQUAT
   1         0         0         0       
   0.96     -0.27     -0.0083   -0.069   
   0.98      0.17     -0.037    -0.059   
   0.84      0.18      0.52      0.048   
   0.67      0.082    -0.72     -0.16    
   0.97     -0.23     -0.011    -0.069   
   0.67     -0.11      0.7      -0.22    
   0.9      -0.19      0.37     -0.15    
   0.97      0.25     -0.042    -0.056   
   0.83      0.24      0.5       0.092   
   0.66      0.14     -0.71     -0.21    
   1        -0.044    -0.024    -0.066   
   0.84      0.00039   0.54     -0.079   
   0.69     -0.077    -0.72     -0.016   

XMAT
   1         0         0         0         1         0         0         0         1       
   0.99      0.14      0.021    -0.13      0.85      0.52      0.053    -0.51      0.86    
   0.99      0.1      -0.094    -0.13      0.93     -0.34      0.053     0.35      0.94    
   0.46      0.1       0.88      0.26      0.93     -0.25     -0.85      0.35      0.41    
  -0.077     0.1      -0.99     -0.34      0.93      0.12      0.94      0.35     -0.037   
   0.99      0.14      0.011    -0.13      0.88      0.45      0.053    -0.45      0.89    
  -0.075     0.14      0.99     -0.45      0.88     -0.16     -0.89     -0.45     -0.0041  
   0.68      0.14      0.72     -0.42      0.88      0.22     -0.6      -0.45      0.66    
   0.99      0.087    -0.11     -0.13      0.87     -0.48      0.053     0.48      0.87    
   0.47      0.087     0.88      0.39      0.87     -0.3      -0.79      0.48      0.38    
  -0.097     0.087    -0.99     -0.48      0.87      0.12      0.87      0.48     -0.043   
   0.99      0.13     -0.042    -0.13      0.99      0.09      0.053    -0.084     1       
   0.41      0.13      0.9      -0.13      0.99     -0.085    -0.9      -0.084     0.42    
  -0.032     0.13     -0.99      0.089     0.99      0.13      1        -0.084    -0.043   

XIPOS
   0         0         0       
   0.023    -0.04      0.079   
   0.2      -0.017     0.069   
   0.18      0.056     0.084   
   0.16      0.1       0.026   
   0.18     -0.1       0.12    
   0.15     -0.16      0.15    
  -0.13     -0.18      0.064   
  -0.18      0.031     0.05    
  -0.21      0.1       0.074   
  -0.22      0.16      0.025   
  -0.19     -0.051     0.097   
  -0.24     -0.12      0.092   
  -0.26     -0.14      0.027   

XIMAT
   1         0         0         0         1         0         0         0         1       
   0.039    -0.14      0.99      0.51     -0.85     -0.14      0.86      0.51      0.038   
   0.096    -0.084     0.99      0.94     -0.33     -0.12      0.34      0.94      0.047   
   0.39     -0.28      0.88      0.92      0.082    -0.38      0.035     0.96      0.29    
   0.093     0.082    -0.99      0.93      0.35      0.12      0.35     -0.93     -0.044   
   0.15      0.02      0.99      0.88      0.45     -0.14     -0.45      0.89      0.048   
   0.03      0.13      0.99      1         0.058    -0.038    -0.062     0.99     -0.13    
   0.13     -0.69      0.72      0.88      0.41      0.23     -0.45      0.6       0.66    
   0.095    -0.12      0.99      0.87     -0.47     -0.14      0.48      0.88      0.058   
   0.38     -0.3       0.88      0.91     -0.067    -0.41      0.18      0.95      0.25    
   0.078     0.1      -0.99      0.87      0.49      0.12      0.49     -0.87     -0.051   
   0.13     -0.052     0.99      0.99      0.086    -0.12     -0.079     0.99      0.062   
  -0.15     -0.32      0.93      0.96     -0.26      0.069     0.22      0.91      0.35    
   0.14      0.035    -0.99      0.99     -0.1       0.14     -0.094    -0.99     -0.049   

XANCHOR
   0.0024   -0.034     0.083   
   0.2      -0.02      0.069   
   0.21      0.069     0.1     
   0.023     0.12      0.016   
   0.19     -0.098     0.12    
   0.17     -0.18      0.16    
  -0.036    -0.15      0.16    
  -0.18      0.03      0.048   
  -0.17      0.11      0.095   
  -0.36      0.18      0.014   
  -0.2      -0.049     0.096   
  -0.21     -0.14      0.1     
  -0.4      -0.12      0.014   

XAXIS
   0         0         1       
   0.99     -0.13      0.053   
   0.1       0.93      0.35    
   0.1       0.93      0.35    
   0.99     -0.13      0.053   
   0.14      0.88     -0.45    
   0.14      0.88     -0.45    
   0.99     -0.13      0.053   
   0.087     0.87      0.48    
   0.087     0.87      0.48    
   0.99     -0.13      0.053   
   0.13      0.99     -0.084   
   0.13      0.99     -0.084   

GEOM_XPOS
   0         0         0       
   0.1      -0.05      0.083   
   0.0024   -0.034     0.083   
   0.28     -0.066     0.11    
   0.29     -0.1       0.047   
   0.18     -0.015     0.069   
   0.21      0.055     0.097   
   0.18      0.058     0.089   
   0.12      0.096     0.059   
   0.17      0.1       0.025   
   0.082     0.11      0.025   
   0.17      0.097     0.04    
   0.21      0.096     0.03    
   0.24      0.097     0.018   
   0.23      0.096     0.022   
   0.17     -0.099     0.12    
   0.18     -0.17      0.15    
   0.15     -0.16      0.16    
   0.069    -0.17      0.16    
  -0.14     -0.18      0.061   
  -0.072    -0.17      0.12    
  -0.13     -0.19      0.051   
  -0.17     -0.19      0.032   
  -0.2      -0.2       0.02    
  -0.19     -0.2       0.022   
  -0.17      0.031     0.051   
  -0.18      0.1       0.087   
  -0.2       0.1       0.08    
  -0.27      0.14      0.054   
  -0.21      0.16      0.024   
  -0.3       0.16      0.025   
  -0.22      0.15      0.038   
  -0.18      0.15      0.029   
  -0.14      0.15      0.018   
  -0.15      0.15      0.021   
  -0.18     -0.054     0.097   
  -0.21     -0.13      0.1     
  -0.23     -0.12      0.096   
  -0.3      -0.13      0.059   
  -0.25     -0.14      0.025   
  -0.34     -0.13      0.027   
  -0.25     -0.14      0.04    
  -0.21     -0.15      0.03    
  -0.18     -0.15      0.018   
  -0.19     -0.15      0.021   

GEOM_XMAT
   1         0         0         0         1         0         0         0         1       
   0.035    -0.14      0.99      0.49     -0.86     -0.14      0.87      0.49      0.039   
   0.99      0.14      0.021    -0.13      0.85      0.52      0.053    -0.51      0.86    
   0.99      0.14      0.021    -0.13      0.85      0.52      0.053    -0.51      0.86    
   0.99      0.14      0.021    -0.13      0.85      0.52      0.053    -0.51      0.86    
   0.0053   -0.091     1         0.94     -0.34     -0.036     0.34      0.94      0.084   
   0.99     -0.094    -0.1      -0.13     -0.34     -0.93      0.053     0.94     -0.35    
   0.3      -0.35      0.89      0.94     -0.052    -0.34      0.17      0.93      0.31    
  -0.88      0.1       0.46      0.25      0.93      0.26     -0.41      0.35     -0.85    
   0.1       0.074    -0.99      0.94      0.33      0.12      0.34     -0.94     -0.036   
  -0.28      0.1      -0.95     -0.31      0.93      0.19      0.91      0.35     -0.23    
  -0.027     0.1      -0.99     -0.34      0.93      0.11      0.94      0.35      0.01    
   0.44      0.1      -0.89     -0.35      0.93     -0.065     0.83      0.35      0.44    
  -0.88     -0.1       0.46     -0.076    -0.93     -0.35      0.47     -0.35      0.81    
  -0.077     0.1      -0.99     -0.34      0.93      0.12      0.94      0.35     -0.037   
  -0.23     -0.0083    0.97     -0.86     -0.46     -0.21      0.44     -0.89      0.1     
   0.99      0.011    -0.14     -0.13      0.45     -0.88      0.053     0.89      0.45    
   0.053     0.12      0.99      0.98      0.21     -0.077    -0.22      0.97     -0.11    
  -0.99      0.14     -0.075     0.16      0.88     -0.45      0.0041   -0.45     -0.89    
   0.14     -0.68      0.72      0.88      0.42      0.23     -0.46      0.6       0.66    
   0.81      0.14      0.57     -0.36      0.88      0.3      -0.46     -0.45      0.77    
   0.65      0.14      0.75     -0.43      0.88      0.2      -0.63     -0.45      0.63    
   0.23      0.14      0.96     -0.47      0.88     -0.016    -0.85     -0.45      0.26    
   0.97     -0.14      0.2      -0.031    -0.88     -0.47      0.24      0.45     -0.86    
   0.68      0.14      0.72     -0.42      0.88      0.22     -0.6      -0.45      0.66    
   0.18      0.11     -0.98      0.85      0.48      0.21      0.49     -0.87     -0.0028  
   0.99     -0.11     -0.087    -0.13     -0.48     -0.87      0.053     0.87     -0.48    
   0.29     -0.37      0.88      0.91     -0.2      -0.38      0.31      0.91      0.28    
  -0.88      0.087     0.47      0.3       0.87      0.39     -0.38      0.48     -0.79    
   0.085     0.094    -0.99      0.87      0.47      0.12      0.48     -0.88     -0.042   
  -0.29      0.087    -0.95     -0.44      0.87      0.22      0.85      0.48     -0.22    
  -0.047     0.087    -1        -0.48      0.87      0.099     0.87      0.48      0.0008  
   0.42      0.087    -0.9      -0.47      0.87     -0.13      0.78      0.48      0.4     
  -0.89     -0.087     0.45     -0.15     -0.87     -0.47      0.43     -0.48      0.76    
  -0.097     0.087    -0.99     -0.48      0.87      0.12      0.87      0.48     -0.043   
  -0.035    -0.045    -1        -1         0.09      0.031     0.089     0.99     -0.048   
   0.99     -0.042    -0.13     -0.13      0.09     -0.99      0.053     1         0.084   
  -0.064    -0.35      0.93      0.99     -0.11      0.024     0.098     0.93      0.36    
  -0.9       0.13      0.41      0.085     0.99     -0.13     -0.42     -0.084    -0.9     
   0.14      0.031    -0.99      0.99     -0.08      0.13     -0.075    -1        -0.041   
  -0.23      0.13     -0.96      0.11      0.99      0.11      0.97     -0.084    -0.24    
   0.018     0.13     -0.99      0.082     0.99      0.13      1        -0.084     0.0065  
   0.47      0.13     -0.87      0.011     0.99      0.16      0.88     -0.084     0.47    
  -0.86     -0.13      0.5       0.16     -0.99      0.006     0.49      0.084     0.87    
  -0.032     0.13     -0.99      0.089     0.99      0.13      1        -0.084    -0.043   

SITE_XPOS
   0.0033   -0.014     0.12    

SITE_XMAT
   0.99      0.14      0.021    -0.13      0.85      0.52      0.053    -0.51      0.86    

LIGHT_XPOS
   1         0         3.5     

LIGHT_XDIR
   0         0        -1       

SUBTREE_COM
  -0.0052   -0.034     0.084   
  -0.0052   -0.034     0.084   
   0.18      0.037     0.073   
   0.17      0.064     0.074   
   0.16      0.1       0.026   
   0.12     -0.14      0.13    
   0.097    -0.16      0.14    
  -0.13     -0.18      0.064   
  -0.2       0.085     0.061   
  -0.21      0.11      0.066   
  -0.22      0.16      0.025   
  -0.22     -0.099     0.086   
  -0.24     -0.12      0.081   
  -0.26     -0.14      0.027   

CDOF
   0         0         0         1         0         0       
   0         0         0         0         1         0       
   0         0         0         0         0         1       
   0.99     -0.13      0.053    -0.00015  -0.0015   -0.00083 
   0.14      0.85     -0.51      0.001     0.0038    0.0065  
   0.021     0.52      0.86      0.00042  -0.0066    0.004   
   0.99     -0.13      0.053    -0.0011   -0.026    -0.041   
   0.1       0.93      0.35      0.019    -0.072     0.19    
   0.1       0.93      0.35      0.12     -0.017     0.01    
   0.99     -0.13      0.053     0.00084   0.023     0.039   
   0.14      0.88     -0.45     -0.00014   0.092     0.18    
   0.14      0.88     -0.45     -0.016    -0.0032   -0.011   
   0.99     -0.13      0.053    -0.0011   -0.026    -0.041   
   0.087     0.87      0.48      0.062     0.083    -0.16    
   0.087     0.87      0.48      0.16      0.17     -0.33    
   0.99     -0.13      0.053     0.00084   0.023     0.039   
   0.13      0.99     -0.084    -0.011    -0.014    -0.19    
   0.13      0.99     -0.084     0.076    -0.042    -0.38    

CINERT
   0         0         0         0         0         0         0         0         0         0       
   0.026     0.1       0.11      0.011    -0.0016    0.0041    0.2      -0.039    -0.032     6.9     
   0.00082   0.028     0.028    -0.0023    0.002     0.00026   0.14      0.011    -0.0098    0.68    
   0.011     0.044     0.053    -0.017    -0.0014    0.00051   0.21      0.1       0.00048   1.2     
   0.0053    0.009     0.013    -0.0053    0.0023    0.0019    0.04      0.033    -0.014     0.24    
   0.0042    0.025     0.027     0.0084   -0.0043    0.0014    0.13     -0.044     0.023     0.68    
   0.024     0.038     0.049     0.021    -0.011     0.0098    0.17     -0.14      0.08      1.2     
   0.0062    0.0055    0.01     -0.0048   -0.0013   -0.00095  -0.031    -0.036    -0.0049    0.24    
   0.0041    0.022     0.024     0.0076   -0.004     0.0016   -0.12      0.044    -0.023     0.68    
   0.023     0.052     0.074     0.033    -0.0032    0.002    -0.23      0.16     -0.011     1.2     
   0.0096    0.014     0.021     0.01     -0.0031    0.0027   -0.052     0.046    -0.014     0.24    
   0.0008    0.024     0.024    -0.0021    0.0016    0.00013  -0.13     -0.012     0.0088    0.68    
   0.0096    0.067     0.075    -0.023     0.00058   0.0007   -0.27     -0.096     0.0095    1.2     
   0.0037    0.018     0.02     -0.0064   -0.0036   -0.0015   -0.062    -0.026    -0.014     0.24    

ACTUATOR_LENGTH
   0.89    
   1.2     
  -2.7     
   0.073   
   1.6     
  -0.84    
   1       
   1.2     
  -2.7     
   0.46    
   1.2     
  -2.7     

ACTUATOR_MOMENT
   0         0         0         0         0         0         1         0         0         0         0         0         0         0         0         0         0         0       
   0         0         0         0         0         0         0         1         0         0         0         0         0         0         0         0         0         0       
   0         0         0         0         0         0         0         0         1         0         0         0         0         0         0         0         0         0       
   0         0         0         0         0         0         0         0         0         1         0         0         0         0         0         0         0         0       
   0         0         0         0         0         0         0         0         0         0         1         0         0         0         0         0         0         0       
   0         0         0         0         0         0         0         0         0         0         0         1         0         0         0         0         0         0       
   0         0         0         0         0         0         0         0         0         0         0         0         1         0         0         0         0         0       
   0         0         0         0         0         0         0         0         0         0         0         0         0         1         0         0         0         0       
   0         0         0         0         0         0         0         0         0         0         0         0         0         0         1         0         0         0       
   0         0         0         0         0         0         0         0         0         0         0         0         0         0         0         1         0         0       
   0         0         0         0         0         0         0         0         0         0         0         0         0         0         0         0         1         0       
   0         0         0         0         0         0         0         0         0         0         0         0         0         0         0         0         0         1       

CRB
   0         0         0         0         0         0         0         0         0         0       
   0.13      0.45      0.53      0.032    -0.027     0.023    -3.3e-16  -2.8e-17   1.4e-16   15      
   0.017     0.081     0.094    -0.025     0.0029    0.0027    0.39      0.15     -0.023     2.1     
   0.017     0.053     0.066    -0.023     0.0009    0.0024    0.25      0.14     -0.013     1.4     
   0.0053    0.009     0.013    -0.0053    0.0023    0.0019    0.04      0.033    -0.014     0.24    
   0.034     0.068     0.087     0.025    -0.017     0.01      0.27     -0.22      0.098     2.1     
   0.03      0.043     0.059     0.017    -0.013     0.0088    0.14     -0.18      0.075     1.4     
   0.0062    0.0055    0.01     -0.0048   -0.0013   -0.00095  -0.031    -0.036    -0.0049    0.24    
   0.037     0.087     0.12      0.051    -0.01      0.0063   -0.4       0.25     -0.048     2.1     
   0.033     0.066     0.095     0.043    -0.0063    0.0047   -0.28      0.2      -0.025     1.4     
   0.0096    0.014     0.021     0.01     -0.0031    0.0027   -0.052     0.046    -0.014     0.24    
   0.014     0.11      0.12     -0.031    -0.0014   -0.00065  -0.45     -0.13      0.0045    2.1     
   0.013     0.085     0.095    -0.029    -0.003    -0.00078  -0.33     -0.12     -0.0043    1.4     
   0.0037    0.018     0.02     -0.0064   -0.0036   -0.0015   -0.062    -0.026    -0.014     0.24    

QM
   15        0         0        -0.0022    0.015     0.0064   -0.0072   -0.033     0.0041    0.00085  -0.013    -0.024    -0.0093   -0.034     0.0048    0.0083   -0.03      0.0026  
   0         15        0        -0.022     0.058    -0.1      -0.0094   -0.013     0.011    -0.036     0.053     0.014    -0.027    -0.02      0.016     0.018     0.0082   -0.0032  
   0         0         15       -0.013     0.099     0.06      0.11      0.045    -0.032    -0.1       0.099     0.02      0.11      0.042    -0.03     -0.11      0.048    -0.034   
  -0.0022   -0.022    -0.013     0.12     -0.0039   -0.012     0.016     0.0062   -0.0042    0.018    -0.016    -0.0033    0.016     0.0059   -0.004     0.016    -0.0068    0.0047  
   0.015     0.058     0.099    -0.0039    0.46     -0.025    -0.012    -0.0015    0.0039    0.011     0.012     0.0066    0.02      0.0078   -0.0035   -0.019     0.019    -0.0064  
   0.0064   -0.1       0.06     -0.012    -0.025     0.53     -0.011     0.0039    0.0047   -0.0029   -0.0013   -0.0031    0.018     0.02     -0.0063   -0.019     0.0052   -0.003   
  -0.0072   -0.0094    0.11      0.016    -0.012    -0.011     0.012     0.0047   -0.0033    0         0         0         0         0         0         0         0         0       
  -0.033    -0.013     0.045     0.0062   -0.0015    0.0039    0.0047    0.011    -0.00048   0         0         0         0         0         0         0         0         0       
   0.0041    0.011    -0.032    -0.0042    0.0039    0.0047   -0.0033   -0.00048   0.0063    0         0         0         0         0         0         0         0         0       
   0.00085  -0.036    -0.1       0.018     0.011    -0.0029    0         0         0         0.013    -0.011    -0.0022    0         0         0         0         0         0       
  -0.013     0.053     0.099    -0.016     0.012    -0.0013    0         0         0        -0.011     0.034     0.011     0         0         0         0         0         0       
  -0.024     0.014     0.02     -0.0033    0.0066   -0.0031    0         0         0        -0.0022    0.011     0.0063    0         0         0         0         0         0       
  -0.0093   -0.027     0.11      0.016     0.02      0.018     0         0         0         0         0         0         0.012     0.0047   -0.0033    0         0         0       
  -0.034    -0.02      0.042     0.0059    0.0078    0.02      0         0         0         0         0         0         0.0047    0.011    -0.0005    0         0         0       
   0.0048    0.016    -0.03     -0.004    -0.0035   -0.0063    0         0         0         0         0         0        -0.0033   -0.0005    0.0063    0         0         0       
   0.0083    0.018    -0.11      0.016    -0.019    -0.019     0         0         0         0         0         0         0         0         0         0.012    -0.0047    0.0033  
  -0.03      0.0082    0.048    -0.0068    0.019     0.0052    0         0         0         0         0         0         0         0         0        -0.0047    0.011    -0.00051 
   0.0026   -0.0032   -0.034     0.0047   -0.0064   -0.003     0         0         0         0         0         0         0         0         0         0.0033   -0.00051   0.0063  

QLD
   15       -0.0073    0.028     0.066     0.36      0.18      1        -3.1       0.65      0.64      2        -3.9       0.86     -3.1       0.76     -0.68     -2.8       0.41    
  -0.0073    15        0.021     1.4       0.34     -0.027     0.18     -1.1       1.8      -2.1       2         2.2      -1.3      -1.8       2.5       2.8       0.74     -0.51    
   0.028     0.021     11       -0.25     -0.38     -0.47      9.2       4        -5.1      -7.6       4.5       3.1       9.2       3.7      -4.7      -8.9       4.3      -5.4     
   0.066     1.4      -0.25      0.036     0.0033    0.02      1.4       0.55     -0.67      1.4      -0.69     -0.52      1.3       0.52     -0.64      1.3      -0.61      0.74    
   0.36      0.34     -0.38      0.0033    0.32     -0.21     -1.2      -0.11      0.62      1.5       0.04      1         1.8       0.71     -0.55     -0.98      1.8      -1       
   0.18     -0.027    -0.47      0.02     -0.21      0.43     -1.2       0.4       0.74     -0.24      0.28     -0.48      0.79      1.9      -0.99     -1.8       0.47     -0.47    
   1         0.18      9.2       1.4      -1.2      -1.2       0.0084    0.42     -0.51      0         0         0         0         0         0         0         0         0       
  -3.1      -1.1       4         0.55     -0.11      0.4       0.42      0.011    -0.075     0         0         0         0         0         0         0         0         0       
   0.65      1.8      -5.1      -0.67      0.62      0.74     -0.51     -0.075     0.0063    0         0         0         0         0         0         0         0         0       
   0.64     -2.1      -7.6       1.4       1.5      -0.24      0         0         0         0.0087   -0.46     -0.35      0         0         0         0         0         0       
   2         2         4.5      -0.69      0.04      0.28      0         0         0        -0.46      0.015     1.7       0         0         0         0         0         0       
  -3.9       2.2       3.1      -0.52      1        -0.48      0         0         0        -0.35      1.7       0.0063    0         0         0         0         0         0       
   0.86     -1.3       9.2       1.3       1.8       0.79      0         0         0         0         0         0         0.0083    0.42     -0.51      0         0         0       
  -3.1      -1.8       3.7       0.52      0.71      1.9       0         0         0         0         0         0         0.42      0.011    -0.079     0         0         0       
   0.76      2.5      -4.7      -0.64     -0.55     -0.99      0         0         0         0         0         0        -0.51     -0.079     0.0063    0         0         0       
  -0.68      2.8      -8.9       1.3      -0.98     -1.8       0         0         0         0         0         0         0         0         0         0.0083   -0.42      0.51    
  -2.8       0.74      4.3      -0.61      1.8       0.47      0         0         0         0         0         0         0         0         0        -0.42      0.011    -0.08    
   0.41     -0.51     -5.4       0.74     -1        -0.47      0         0         0         0         0         0         0         0         0         0.51     -0.08      0.0063  

QLDIAGINV
   0.068   
   0.068   
   0.09    
   27      
   3.2     
   2.3     
   1.2e+02 
   94      
   1.6e+02 
   1.1e+02 
   68      
   1.6e+02 
   1.2e+02 
   94      
   1.6e+02 
   1.2e+02 
   94      
   1.6e+02 

QLDIAGSQRTINV
   0.26    
   0.26    
   0.3     
   5.2     
   1.8     
   1.5     
   11      
   9.7     
   13      
   11      
   8.3     
   13      
   11      
   9.7     
   13      
   11      
   9.7     
   13      

B_rownnz              18 18 9 9 9 9 9 9 9 9 9 9 9 9

B_rowadr              0 18 36 45 54 63 72 81 90 99 108 117 126 135

B_colind              0 1 2 3 4 5 6 7 8 9 10 11 12 13 14 15 16 17 0 1 2 3 4 5 6 7 8 9 10 11 12 13 14 15 16 17 0 1 2 3 4 5 6 7 8 0 1 2 3 4 5 6 7 8 0 1 2 3 4 5 6 7 8 0 1 2 3 4 5 9 10 11 0 1 2 3 4 5 9 10 11 0 1 2 3 4 5 9 10 11 0 1 2 3 4 5 12 13 14 0 1 2 3 4 5 12 13 14 0 1 2 3 4 5 12 13 14 0 1 2 3 4 5 15 16 17 0 1 2 3 4 5 15 16 17 0 1 2 3 4 5 15 16 17

C_rownnz              18 18 18 18 18 18 9 9 9 9 9 9 9 9 9 9 9 9

C_rowadr              0 18 36 54 72 90 108 117 126 135 144 153 162 171 180 189 198 207

C_colind              0 1 2 3 4 5 6 7 8 9 10 11 12 13 14 15 16 17 0 1 2 3 4 5 6 7 8 9 10 11 12 13 14 15 16 17 0 1 2 3 4 5 6 7 8 9 10 11 12 13 14 15 16 17 0 1 2 3 4 5 6 7 8 9 10 11 12 13 14 15 16 17 0 1 2 3 4 5 6 7 8 9 10 11 12 13 14 15 16 17 0 1 2 3 4 5 6 7 8 9 10 11 12 13 14 15 16 17 0 1 2 3 4 5 6 7 8 0 1 2 3 4 5 6 7 8 0 1 2 3 4 5 6 7 8 0 1 2 3 4 5 9 10 11 0 1 2 3 4 5 9 10 11 0 1 2 3 4 5 9 10 11 0 1 2 3 4 5 12 13 14 0 1 2 3 4 5 12 13 14 0 1 2 3 4 5 12 13 14 0 1 2 3 4 5 15 16 17 0 1 2 3 4 5 15 16 17 0 1 2 3 4 5 15 16 17

mapM2C                0 2 5 9 14 20 27 35 44 51 59 68 75 83 92 99 107 116 2 1 4 8 13 19 26 34 43 50 58 67 74 82 91 98 106 115 5 4 3 7 12 18 25 33 42 49 57 66 73 81 90 97 105 114 9 8 7 6 11 17 24 32 41 48 56 65 72 80 89 96 104 113 14 13 12 11 10 16 23 31 40 47 55 64 71 79 88 95 103 112 20 19 18 17 16 15 22 30 39 46 54 63 70 78 87 94 102 111 27 26 25 24 23 22 21 29 38 35 34 33 32 31 30 29 28 37 44 43 42 41 40 39 38 37 36 51 50 49 48 47 46 45 53 62 59 58 57 56 55 54 53 52 61 68 67 66 65 64 63 62 61 60 75 74 73 72 71 70 69 77 86 83 82 81 80 79 78 77 76 85 92 91 90 89 88 87 86 85 84 99 98 97 96 95 94 93 101 110 107 106 105 104 103 102 101 100 109 116 115 114 113 112 111 110 109 108

D_rownnz              18 18 18 18 18 18 9 9 9 9 9 9 9 9 9 9 9 9

D_rowadr              0 18 36 54 72 90 108 117 126 135 144 153 162 171 180 189 198 207

D_colind              0 1 2 3 4 5 6 7 8 9 10 11 12 13 14 15 16 17 0 1 2 3 4 5 6 7 8 9 10 11 12 13 14 15 16 17 0 1 2 3 4 5 6 7 8 9 10 11 12 13 14 15 16 17 0 1 2 3 4 5 6 7 8 9 10 11 12 13 14 15 16 17 0 1 2 3 4 5 6 7 8 9 10 11 12 13 14 15 16 17 0 1 2 3 4 5 6 7 8 9 10 11 12 13 14 15 16 17 0 1 2 3 4 5 6 7 8 0 1 2 3 4 5 6 7 8 0 1 2 3 4 5 6 7 8 0 1 2 3 4 5 9 10 11 0 1 2 3 4 5 9 10 11 0 1 2 3 4 5 9 10 11 0 1 2 3 4 5 12 13 14 0 1 2 3 4 5 12 13 14 0 1 2 3 4 5 12 13 14 0 1 2 3 4 5 15 16 17 0 1 2 3 4 5 15 16 17 0 1 2 3 4 5 15 16 17

mapM2D                0 2 5 9 14 20 27 35 44 51 59 68 75 83 92 99 107 116 2 1 4 8 13 19 26 34 43 50 58 67 74 82 91 98 106 115 5 4 3 7 12 18 25 33 42 49 57 66 73 81 90 97 105 114 9 8 7 6 11 17 24 32 41 48 56 65 72 80 89 96 104 113 14 13 12 11 10 16 23 31 40 47 55 64 71 79 88 95 103 112 20 19 18 17 16 15 22 30 39 46 54 63 70 78 87 94 102 111 27 26 25 24 23 22 21 29 38 35 34 33 32 31 30 29 28 37 44 43 42 41 40 39 38 37 36 51 50 49 48 47 46 45 53 62 59 58 57 56 55 54 53 52 61 68 67 66 65 64 63 62 61 60 75 74 73 72 71 70 69 77 86 83 82 81 80 79 78 77 76 85 92 91 90 89 88 87 86 85 84 99 98 97 96 95 94 93 101 110 107 106 105 104 103 102 101 100 109 116 115 114 113 112 111 110 109 108

mapD2M                0 19 18 38 37 36 57 56 55 54 76 75 74 73 72 95 94 93 92 91 90 114 113 112 111 110 109 108 124 123 122 121 120 119 118 117 134 133 132 131 130 129 128 127 126 141 140 139 138 137 136 135 151 150 149 148 147 146 145 144 161 160 159 158 157 156 155 154 153 168 167 166 165 164 163 162 178 177 176 175 174 173 172 171 188 187 186 185 184 183 182 181 180 195 194 193 192 191 190 189 205 204 203 202 201 200 199 198 215 214 213 212 211 210 209 208 207

QDERIV
   0         0         0         0         0         0         0         0         0         0         0         0         0         0         0         0         0         0       
   0         0         0         0         0         0         0         0         0         0         0         0         0         0         0         0         0         0       
   0         0         0         0         0         0         0         0         0         0         0         0         0         0         0         0         0         0       
   0         0         0         0         0         0         0         0         0         0         0         0         0         0         0         0         0         0       
   0         0         0         0         0         0         0         0         0         0         0         0         0         0         0         0         0         0       
   0         0         0         0         0         0         0         0         0         0         0         0         0         0         0         0         0         0       
   0         0         0         0         0         0         0         0         0         0         0         0         0         0         0         0         0         0       
   0         0         0         0         0         0         0         0         0         0         0         0         0         0         0         0         0         0       
   0         0         0         0         0         0         0         0         0         0         0         0         0         0         0         0         0         0       
   0         0         0         0         0         0         0         0         0         0         0         0         0         0         0         0         0         0       
   0         0         0         0         0         0         0         0         0         0         0         0         0         0         0         0         0         0       
   0         0         0         0         0         0         0         0         0         0         0         0         0         0         0         0         0         0       
   0         0         0         0         0         0         0         0         0         0         0         0         0         0         0         0         0         0       
   0         0         0         0         0         0         0         0         0         0         0         0         0         0         0         0         0         0       
   0         0         0         0         0         0         0         0         0         0         0         0         0         0         0         0         0         0       
   0         0         0         0         0         0         0         0         0         0         0         0         0         0         0         0         0         0       
   0         0         0         0         0         0         0         0         0         0         0         0         0         0         0         0         0         0       
   0         0         0         0         0         0         0         0         0         0         0         0         0         0         0         0         0         0       

QLU
   0         0         0         0         0         0         0         0         0         0         0         0         0         0         0         0         0         0       
   0         0         0         0         0         0         0         0         0         0         0         0         0         0         0         0         0         0       
   0         0         0         0         0         0         0         0         0         0         0         0         0         0         0         0         0         0       
   0         0         0         0         0         0         0         0         0         0         0         0         0         0         0         0         0         0       
   0         0         0         0         0         0         0         0         0         0         0         0         0         0         0         0         0         0       
   0         0         0         0         0         0         0         0         0         0         0         0         0         0         0         0         0         0       
   0         0         0         0         0         0         0         0         0         0         0         0         0         0         0         0         0         0       
   0         0         0         0         0         0         0         0         0         0         0         0         0         0         0         0         0         0       
   0         0         0         0         0         0         0         0         0         0         0         0         0         0         0         0         0         0       
   0         0         0         0         0         0         0         0         0         0         0         0         0         0         0         0         0         0       
   0         0         0         0         0         0         0         0         0         0         0         0         0         0         0         0         0         0       
   0         0         0         0         0         0         0         0         0         0         0         0         0         0         0         0         0         0       
   0         0         0         0         0         0         0         0         0         0         0         0         0         0         0         0         0         0       
   0         0         0         0         0         0         0         0         0         0         0         0         0         0         0         0         0         0       
   0         0         0         0         0         0         0         0         0         0         0         0         0         0         0         0         0         0       
   0         0         0         0         0         0         0         0         0         0         0         0         0         0         0         0         0         0       
   0         0         0         0         0         0         0         0         0         0         0         0         0         0         0         0         0         0       
   0         0         0         0         0         0         0         0         0         0         0         0         0         0         0         0         0         0       

CONTACT
  0:
     dim           3
     geoms         floor : 2
     exclude       0
     efc_address   5
     solref         0.02      1       
     solimp         0.9       0.95      0.001     0.5       2       
     dist          -0.00018 
     includemargin  0       
     pos           -0.18      4.8e-05  -8.9e-05 
     frame          0         0         1         0         1         0        -1         0         0       
     friction       1         1         0.005     0.0001    0.0001  
     mu             1       
  1:
     dim           3
     geoms         floor : 4
     exclude       0
     efc_address   9
     solref         0.02      1       
     solimp         0.9       0.95      0.001     0.5       2       
     dist          -0.00016 
     includemargin  0       
     pos            0.29     -0.1      -8e-05   
     frame          0         0         1         0         1         0        -1         0         0       
     friction       1         1         0.005     0.0001    0.0001  
     mu             1       
  2:
     dim           3
     geoms         floor : 10
     exclude       0
     efc_address   13
     solref         0.02      1       
     solimp         0.9       0.95      0.001     0.5       2       
     dist          -0.00028 
     includemargin  0       
     pos            0.027     0.12     -0.00014 
     frame          0         0         1         0         1         0        -1         0         0       
     friction       1         1         0.005     0.0001    0.0001  
     mu             1       
  3:
     dim           3
     geoms         floor : 14
     exclude       0
     efc_address   17
     solref         0.02      1       
     solimp         0.9       0.95      0.001     0.5       2       
     dist          -0.00045 
     includemargin  0       
     pos            0.23      0.096    -0.00022 
     frame          0         0         1         0         1         0        -1         0         0       
     friction       1         1         0.005     0.0001    0.0001  
     mu             1       
  4:
     dim           3
     geoms         floor : 24
     exclude       0
     efc_address   21
     solref         0.02      1       
     solimp         0.9       0.95      0.001     0.5       2       
     dist          -0.0004  
     includemargin  0       
     pos           -0.19     -0.2      -0.0002  
     frame          0         0         1         0         1         0        -1         0         0       
     friction       1         1         0.005     0.0001    0.0001  
     mu             1       
  5:
     dim           3
     geoms         floor : 30
     exclude       0
     efc_address   25
     solref         0.02      1       
     solimp         0.9       0.95      0.001     0.5       2       
     dist          -0.00031 
     includemargin  0       
     pos           -0.36      0.18     -0.00016 
     frame          0         0         1         0         1         0        -1         0         0       
     friction       1         1         0.005     0.0001    0.0001  
     mu             1       
  6:
     dim           3
     geoms         floor : 34
     exclude       0
     efc_address   29
     solref         0.02      1       
     solimp         0.9       0.95      0.001     0.5       2       
     dist          -0.00059 
     includemargin  0       
     pos           -0.15      0.15     -0.0003  
     frame          0         0         1         0         1         0        -1         0         0       
     friction       1         1         0.005     0.0001    0.0001  
     mu             1       
  7:
     dim           3
     geoms         floor : 40
     exclude       0
     efc_address   33
     solref         0.02      1       
     solimp         0.9       0.95      0.001     0.5       2       
     dist          -0.0003  
     includemargin  0       
     pos           -0.4      -0.13     -0.00015 
     frame          0         0         1         0         1         0        -1         0         0       
     friction       1         1         0.005     0.0001    0.0001  
     mu             1       
  8:
     dim           3
     geoms         floor : 44
     exclude       0
     efc_address   37
     solref         0.02      1       
     solimp         0.9       0.95      0.001     0.5       2       
     dist          -0.00059 
     includemargin  0       
     pos           -0.19     -0.15     -0.0003  
     frame          0         0         1         0         1         0        -1         0         0       
     friction       1         1         0.005     0.0001    0.0001  
     mu             1       
  9:
     dim           3
     geoms         24 : 44
     exclude       0
     efc_address   41
     solref         0.02      1       
     solimp         0.9       0.95      0.001     0.5       2       
     dist          -0.0005  
     includemargin  0       
     pos           -0.19     -0.17      0.022   
     frame          0.024     1        -0.0045    0.00011   0.0045    1         1        -0.024     0       
     friction       1         1         0.005     0.0001    0.0001  
     mu             1       

EFC_TYPE
  3
  3
  3
  3
  3
  6
  6
  6
  6
  6
  6
  6
  6
  6
  6
  6
  6
  6
  6
  6
  6
  6
  6
  6
  6
  6
  6
  6
  6
  6
  6
  6
  6
  6
  6
  6
  6
  6
  6
  6
  6
  6
  6
  6
  6

EFC_ID
  3
  6
  7
  9
  12
  0
  0
  0
  0
  1
  1
  1
  1
  2
  2
  2
  2
  3
  3
  3
  3
  4
  4
  4
  4
  5
  5
  5
  5
  6
  6
  6
  6
  7
  7
  7
  7
  8
  8
  8
  8
  9
  9
  9
  9

EFC_J
   0         0         0         0         0         0         0         0         1         0         0         0         0         0         0         0         0         0       
   0         0         0         0         0         0         0         0         0         0         0        -1         0         0         0         0         0         0       
   0         0         0         0         0         0         0         0         0         0         0         0        -1         0         0         0         0         0       
   0         0         0         0         0         0         0         0         0         0         0         0         0         0         1         0         0         0       
   0         0         0         0         0         0         0         0         0         0         0         0         0         0         0         0         0         1       
   0         1         1         0.083     0.26     -0.059     0         0         0         0         0         0         0         0         0         0         0         0       
   0        -1         1        -0.062     0.053     0.25      0         0         0         0         0         0         0         0         0         0         0         0       
  -1         0         1         0.0019    0.21      0.17      0         0         0         0         0         0         0         0         0         0         0         0       
   1         0         1         0.019     0.11      0.022     0         0         0         0         0         0         0         0         0         0         0         0       
   0         1         1         0.066    -0.39      0.098     0         0         0         0         0         0         0         0         0         0         0         0       
   0        -1         1        -0.13     -0.12     -0.4       0         0         0         0         0         0         0         0         0         0         0         0       
  -1         0         1        -0.045    -0.15     -0.17      0         0         0         0         0         0         0         0         0         0         0         0       
   1         0         1        -0.017    -0.36     -0.13      0         0         0         0         0         0         0         0         0         0         0         0       
   0         1         1         0.24     -0.00054   0.013     0.18      0.12     -0.00088   0         0         0         0         0         0         0         0         0       
   0        -1         1         0.075     0.002    -0.032     0.06      0.23     -0.0071    0         0         0         0         0         0         0         0         0       
  -1         0         1         0.16     -0.01      0.17      0.12      0.29      0.011     0         0         0         0         0         0         0         0         0       
   1         0         1         0.16      0.011    -0.19      0.12      0.063    -0.019     0         0         0         0         0         0         0         0         0       
   0         1         1         0.25     -0.29      0.083     0.19     -0.00079  -0.13      0         0         0         0         0         0         0         0         0       
   0        -1         1         0.065    -0.07     -0.32      0.049    -0.038    -0.27      0         0         0         0         0         0         0         0         0       
  -1         0         1         0.16     -0.18      0.038     0.12      0.085    -0.19      0         0         0         0         0         0         0         0         0       
   1         0         1         0.16     -0.18     -0.27      0.12     -0.12     -0.21      0         0         0         0         0         0         0         0         0       
   0         1         1        -0.11      0.25     -0.067     0         0         0        -0.049     0.51      0.22      0         0         0         0         0         0       
   0        -1         1        -0.26      0.03      0.26      0         0         0        -0.24      0.13      0.038     0         0         0         0         0         0       
  -1         0         1        -0.2       0.29      0.00045   0         0         0        -0.17      0.47      0.29      0         0         0         0         0         0       
   1         0         1        -0.17     -0.013     0.19      0         0         0        -0.13      0.17     -0.034     0         0         0         0         0         0       
   0         1         1         0.23      0.53     -0.12      0         0         0         0         0         0         0.16      0.084    -0.00034   0         0         0       
   0        -1         1         0.1       0.14      0.5       0         0         0         0         0         0         0.084     0.24     -0.0068    0         0         0       
  -1         0         1         0.16      0.29      0.41      0         0         0         0         0         0         0.12      0.28      0.0088    0         0         0       
   1         0         1         0.16      0.37     -0.033     0         0         0         0         0         0         0.12      0.051    -0.016     0         0         0       
   0         1         1         0.24      0.24     -0.046     0         0         0         0         0         0         0.17      0.002    -0.083     0         0         0       
   0        -1         1         0.09      0.065     0.21      0         0         0         0         0         0         0.074    -0.039    -0.29      0         0         0       
  -1         0         1         0.16      0.13      0.28      0         0         0         0         0         0         0.12      0.083    -0.19      0         0         0       
   1         0         1         0.17      0.18     -0.12      0         0         0         0         0         0         0.12     -0.12     -0.19      0         0         0       
   0         1         1        -0.081     0.54     -0.14      0         0         0         0         0         0         0         0         0        -0.017     0.22     -0.0028  
   0        -1         1        -0.2       0.11      0.54      0         0         0         0         0         0         0         0         0        -0.19      0.16     -0.0059  
  -1         0         1        -0.16      0.44      0.17      0         0         0         0         0         0         0         0         0        -0.12      0.29      0.0098  
   1         0         1        -0.13      0.21      0.24      0         0         0         0         0         0         0         0         0        -0.085     0.086    -0.019   
   0         1         1        -0.07      0.26     -0.066     0         0         0         0         0         0         0         0         0        -0.0061   -0.0077   -0.23    
   0        -1         1        -0.21      0.036     0.26      0         0         0         0         0         0         0         0         0        -0.2      -0.032    -0.2     
  -1         0         1        -0.16      0.28      0.038     0         0         0         0         0         0         0         0         0        -0.12      0.084    -0.2     
   1         0         1        -0.12      0.015     0.15      0         0         0         0         0         0         0         0         0        -0.084    -0.12     -0.23    
   0         0         0         0         0         0         0         0         0         0.048    -0.5      -0.22      0         0         0        -0.048    -0.015    -0.23    
   0         0         0         0         0         0         0         0         0        -0.2       0.14      0.048     0         0         0         0.2       0.03      0.2     
   0         0         0         0         0         0         0         0         0        -0.09     -0.057     0.051     0         0         0         0.09     -0.077    -0.014   
   0         0         0         0         0         0         0         0         0        -0.061    -0.3      -0.22      0         0         0         0.061     0.092    -0.021   

EFC_POS
  -0.012   
  -0.002   
  -0.00075 
  -0.02    
  -0.024   
  -0.00018 
  -0.00018 
  -0.00018 
  -0.00018 
  -0.00016 
  -0.00016 
  -0.00016 
  -0.00016 
  -0.00028 
  -0.00028 
  -0.00028 
  -0.00028 
  -0.00045 
  -0.00045 
  -0.00045 
  -0.00045 
  -0.0004  
  -0.0004  
  -0.0004  
  -0.0004  
  -0.00031 
  -0.00031 
  -0.00031 
  -0.00031 
  -0.00059 
  -0.00059 
  -0.00059 
  -0.00059 
  -0.0003  
  -0.0003  
  -0.0003  
  -0.0003  
  -0.00059 
  -0.00059 
  -0.00059 
  -0.00059 
  -0.0005  
  -0.0005  
  -0.0005  
  -0.0005  

EFC_MARGIN
   0       
   0       
   0       
   0       
   0       
   0       
   0       
   0       
   0       
   0       
   0       
   0       
   0       
   0       
   0       
   0       
   0       
   0       
   0       
   0       
   0       
   0       
   0       
   0       
   0       
   0       
   0       
   0       
   0       
   0       
   0       
   0       
   0       
   0       
   0       
   0       
   0       
   0       
   0       
   0       
   0       
   0       
   0       
   0       
   0       

EFC_FRICTIONLOSS
   0       
   0       
   0       
   0       
   0       
   0       
   0       
   0       
   0       
   0       
   0       
   0       
   0       
   0       
   0       
   0       
   0       
   0       
   0       
   0       
   0       
   0       
   0       
   0       
   0       
   0       
   0       
   0       
   0       
   0       
   0       
   0       
   0       
   0       
   0       
   0       
   0       
   0       
   0       
   0       
   0       
   0       
   0       
   0       
   0       

EFC_DIAGAPPROX
   6.4e+02 
   6.4e+02 
   54      
   6.4e+02 
   6.4e+02 
   0.29    
   0.29    
   0.29    
   0.29    
   0.29    
   0.29    
   0.29    
   0.29    
   8.7     
   8.7     
   8.7     
   8.7     
   8.7     
   8.7     
   8.7     
   8.7     
   8.7     
   8.7     
   8.7     
   8.7     
   8.8     
   8.8     
   8.8     
   8.8     
   8.8     
   8.8     
   8.8     
   8.8     
   8.8     
   8.8     
   8.8     
   8.8     
   8.8     
   8.8     
   8.8     
   8.8     
   17      
   17      
   17      
   17      

EFC_KBIP
   2.8e+03   1.1e+02   0.95      0       
   2.8e+03   1.1e+02   0.95      0       
   2.8e+03   1.1e+02   0.94     -51      
   2.8e+03   1.1e+02   0.95      0       
   2.8e+03   1.1e+02   0.95      0       
   2.8e+03   1.1e+02   0.9      -36      
   2.8e+03   1.1e+02   0.9      -36      
   2.8e+03   1.1e+02   0.9      -36      
   2.8e+03   1.1e+02   0.9      -36      
   2.8e+03   1.1e+02   0.9      -32      
   2.8e+03   1.1e+02   0.9      -32      
   2.8e+03   1.1e+02   0.9      -32      
   2.8e+03   1.1e+02   0.9      -32      
   2.8e+03   1.1e+02   0.91     -56      
   2.8e+03   1.1e+02   0.91     -56      
   2.8e+03   1.1e+02   0.91     -56      
   2.8e+03   1.1e+02   0.91     -56      
   2.8e+03   1.1e+02   0.92     -89      
   2.8e+03   1.1e+02   0.92     -89      
   2.8e+03   1.1e+02   0.92     -89      
   2.8e+03   1.1e+02   0.92     -89      
   2.8e+03   1.1e+02   0.92     -80      
   2.8e+03   1.1e+02   0.92     -80      
   2.8e+03   1.1e+02   0.92     -80      
   2.8e+03   1.1e+02   0.92     -80      
   2.8e+03   1.1e+02   0.91     -62      
   2.8e+03   1.1e+02   0.91     -62      
   2.8e+03   1.1e+02   0.91     -62      
   2.8e+03   1.1e+02   0.91     -62      
   2.8e+03   1.1e+02   0.93     -81      
   2.8e+03   1.1e+02   0.93     -81      
   2.8e+03   1.1e+02   0.93     -81      
   2.8e+03   1.1e+02   0.93     -81      
   2.8e+03   1.1e+02   0.91     -60      
   2.8e+03   1.1e+02   0.91     -60      
   2.8e+03   1.1e+02   0.91     -60      
   2.8e+03   1.1e+02   0.91     -60      
   2.8e+03   1.1e+02   0.93     -81      
   2.8e+03   1.1e+02   0.93     -81      
   2.8e+03   1.1e+02   0.93     -81      
   2.8e+03   1.1e+02   0.93     -81      
   2.8e+03   1.1e+02   0.93     -99      
   2.8e+03   1.1e+02   0.93     -99      
   2.8e+03   1.1e+02   0.93     -99      
   2.8e+03   1.1e+02   0.93     -99      

EFC_D
   0.03    
   0.03    
   0.31    
   0.03    
   0.03    
   32      
   32      
   32      
   32      
   32      
   32      
   32      
   32      
   1.1     
   1.1     
   1.1     
   1.1     
   1.3     
   1.3     
   1.3     
   1.3     
   1.3     
   1.3     
   1.3     
   1.3     
   1.2     
   1.2     
   1.2     
   1.2     
   1.6     
   1.6     
   1.6     
   1.6     
   1.1     
   1.1     
   1.1     
   1.1     
   1.6     
   1.6     
   1.6     
   1.6     
   0.71    
   0.71    
   0.71    
   0.71    

EFC_R
   34      
   34      
   3.2     
   34      
   34      
   0.031   
   0.031   
   0.031   
   0.031   
   0.031   
   0.031   
   0.031   
   0.031   
   0.89    
   0.89    
   0.89    
   0.89    
   0.76    
   0.76    
   0.76    
   0.76    
   0.8     
   0.8     
   0.8     
   0.8     
   0.87    
   0.87    
   0.87    
   0.87    
   0.62    
   0.62    
   0.62    
   0.62    
   0.88    
   0.88    
   0.88    
   0.88    
   0.62    
   0.62    
   0.62    
   0.62    
   1.4     
   1.4     
   1.4     
   1.4     

ACTUATOR_VELOCITY
   2.4e-05 
  -3.7e-06 
   2.2e-06 
   3e-05   
   5.3e-06 
   8.4e-08 
   3.2e-07 
   1.1e-05 
  -1.1e-05 
   3.8e-05 
   8.1e-06 
  -8.9e-06 

CVEL
   0         0         0         0         0         0       
  -1.3e-05   3e-06     5.7e-07   2.7e-07   8.7e-07  -3.9e-08 
   1.1e-05  -1.4e-07   1.8e-06   2.5e-07   2.5e-07  -1e-06   
   1e-05    -3.6e-06   5.8e-07   1.8e-07   5.2e-07  -1.7e-06 
   1e-05    -1.5e-06   1.3e-06   4.3e-07   4.8e-07  -1.7e-06 
   1.6e-05  -8.9e-07   2.2e-06   3e-07     1.5e-06   1.1e-06 
   1.7e-05   3.8e-06  -2.2e-07   3e-07     2e-06     2.1e-06 
   1.7e-05   3.8e-06  -2.6e-07   3e-07     2e-06     2.1e-06 
  -1.3e-05   2.9e-06   5.8e-07   2.7e-07   8.6e-07  -5.2e-08 
  -1.2e-05   1.2e-05   5.7e-06   9.2e-07   1.7e-06  -1.7e-06 
  -1.3e-05   2.3e-06   2.6e-07  -9e-07    -1.3e-07   1.9e-06 
   2.5e-05  -2e-06     2.6e-06   3.1e-07   1.7e-06   1.5e-06 
   2.6e-05   6.1e-06   1.9e-06   2.1e-07   1.6e-06  -5.6e-08 
   2.5e-05  -2.7e-06   2.7e-06  -4.6e-07   2e-06     3.3e-06 

CDOF_DOT
   0         0         0         0         0         0       
   0         0         0         0         0         0       
   0         0         0         0         0         0       
   0         0        -0         3.8e-08  -7.3e-08  -8.8e-07 
  -0         0         0        -3.9e-07   1.3e-07   1.1e-07 
   0         0         0         7.6e-07  -2.3e-07   1.2e-07 
   2.3e-07   1.3e-06  -1.2e-06  -6.5e-08  -5.9e-07  -5.5e-07 
  -1.8e-06  -3.5e-06   9.9e-06   1.1e-06  -2.2e-06  -5.6e-07 
  -1.8e-06  -3.5e-06   9.9e-06   1.8e-06  -2.7e-07   3.6e-07 
   2.3e-07   1.3e-06  -1.2e-06   1.4e-07   4.7e-07  -1.2e-06 
  -1.5e-06   7.7e-06   1.5e-05  -2e-06    -2.6e-06   1.5e-06 
  -1.5e-06   7.7e-06   1.5e-05  -2.8e-06   6.2e-07  -1.3e-08 
   2.3e-07   1.3e-06  -1.2e-06  -6.5e-08  -5.9e-07  -5.5e-07 
   9.1e-07   6.3e-06  -1.2e-05  -5.5e-08  -2.2e-06  -1.1e-06 
   9.1e-07   6.3e-06  -1.2e-05  -2.6e-06  -3.6e-06  -3.3e-06 
   2.3e-07   1.3e-06  -1.2e-06   1.4e-07   4.7e-07  -1.2e-06 
  -2.4e-06   2.4e-06   2.5e-05  -1.2e-06   4.8e-06  -3e-07   
  -2.4e-06   2.4e-06   2.5e-05  -2.3e-06   9.9e-06  -1.6e-06 

QFRC_BIAS
   1.7e-11 
   3.9e-11 
   1.5e+02 
  -0.12    
   0.97    
   0.59    
   1.1     
   0.44    
  -0.31    
  -1       
   0.97    
   0.19    
   1.1     
   0.41    
  -0.29    
  -1.1     
   0.47    
  -0.33    

QFRC_SPRING
   0       
   0       
   0       
   0       
   0       
   0       
   0       
   0       
   0       
   0       
   0       
   0       
   0       
   0       
   0       
   0       
   0       
   0       

QFRC_DAMPER
   0       
   0       
   0       
   0       
   0       
   0       
   0       
   0       
   0       
   0       
   0       
   0       
   0       
   0       
   0       
   0       
   0       
   0       

QFRC_GRAVCOMP
   0       
   0       
   0       
   0       
   0       
   0       
   0       
   0       
   0       
   0       
   0       
   0       
   0       
   0       
   0       
   0       
   0       
   0       

QFRC_FLUID
   0       
   0       
   0       
   0       
   0       
   0       
   0       
   0       
   0       
   0       
   0       
   0       
   0       
   0       
   0       
   0       
   0       
   0       

QFRC_PASSIVE
   0       
   0       
   0       
   0       
   0       
   0       
   0       
   0       
   0       
   0       
   0       
   0       
   0       
   0       
   0       
   0       
   0       
   0       

EFC_VEL
   2.2e-06 
  -8.4e-08 
  -3.2e-07 
  -1.1e-05 
  -8.9e-06 
  -3.3e-07 
   3.7e-07 
   1.5e-08 
   2.7e-08 
  -8.2e-08 
   8e-08   
  -6.5e-08 
   6.3e-08 
   1.4e-06 
  -1.4e-06 
  -3.6e-07 
   3.4e-07 
   1.7e-06 
  -1.6e-06 
  -3.6e-07 
   4.2e-07 
   3.5e-06 
  -3.5e-06 
   7.2e-08 
  -6e-08   
  -1.3e-06 
   1.3e-06 
   1.2e-06 
  -1.1e-06 
  -1.4e-06 
   1.1e-06 
   1e-06   
  -1.3e-06 
   3e-06   
  -3e-06   
  -1.1e-08 
   5.4e-09 
   3.5e-06 
  -3.7e-06 
  -1.9e-07 
  -2.6e-08 
  -1.1e-06 
   9.2e-07 
  -4.3e-08 
  -1.6e-07 

EFC_AREF
   30      
   5.3     
   2       
   53      
   62      
   0.44    
   0.44    
   0.44    
   0.44    
   0.4     
   0.4     
   0.4     
   0.4     
   0.7     
   0.7     
   0.7     
   0.7     
   1.1     
   1.1     
   1.1     
   1.1     
   1       
   1       
   1       
   1       
   0.78    
   0.78    
   0.78    
   0.78    
   1.5     
   1.5     
   1.5     
   1.5     
   0.75    
   0.75    
   0.75    
   0.75    
   1.5     
   1.5     
   1.5     
   1.5     
   1.3     
   1.3     
   1.3     
   1.3     

SUBTREE_LINVEL
   0         0         0       
   0         0         0       
   0         0         0       
   0         0         0       
   0         0         0       
   0         0         0       
   0         0         0       
   0         0         0       
   0         0         0       
   0         0         0       
   0         0         0       
   0         0         0       
   0         0         0       
   0         0         0       

SUBTREE_ANGMOM
   0         0         0       
   0         0         0       
   0         0         0       
   0         0         0       
   0         0         0       
   0         0         0       
   0         0         0       
   0         0         0       
   0         0         0       
   0         0         0       
   0         0         0       
   0         0         0       
   0         0         0       
   0         0         0       

ACTUATOR_FORCE
   0       
   0       
   0       
   0       
   0       
   0       
   0       
   0       
   0       
   0       
   0       
   0       

QFRC_ACTUATOR
   0       
   0       
   0       
   0       
   0       
   0       
   0       
   0       
   0       
   0       
   0       
   0       
   0       
   0       
   0       
   0       
   0       
   0       

QFRC_SMOOTH
  -1.7e-11 
  -3.9e-11 
  -1.5e+02 
   0.12    
  -0.97    
  -0.59    
  -1.1     
  -0.44    
   0.31    
   1       
  -0.97    
  -0.19    
  -1.1     
  -0.41    
   0.29    
   1.1     
  -0.47    
   0.33    

QACC_SMOOTH
  -1.8e-12 
  -2.8e-12 
  -9.8     
   4e-11   
  -3.1e-11 
   1.5e-11 
  -1.2e-10 
  -4.9e-11 
   6.2e-11 
   3.3e-11 
  -4.1e-12 
  -7.3e-11 
  -3e-10   
   2.6e-11 
   7.3e-11 
   4.1e-11 
  -1e-10   
   2.2e-10 

EFC_B
  -30      
  -5.3     
  -2       
  -53      
  -62      
  -10      
  -10      
  -10      
  -10      
  -10      
  -10      
  -10      
  -10      
  -11      
  -11      
  -11      
  -11      
  -11      
  -11      
  -11      
  -11      
  -11      
  -11      
  -11      
  -11      
  -11      
  -11      
  -11      
  -11      
  -11      
  -11      
  -11      
  -11      
  -11      
  -11      
  -11      
  -11      
  -11      
  -11      
  -11      
  -11      
  -1.3     
  -1.3     
  -1.3     
  -1.3     

EFC_FORCE
   0.9     
   0.16    
   0.61    
   1.6     
   1.8     
   14      
   14      
   14      
   14      
   13      
   13      
   13      
   13      
   0.8     
   0.8     
   0.8     
   0.8     
   1.5     
   1.5     
   1.5     
   1.5     
   1.3     
   1.3     
   1.3     
   1.3     
   0.9     
   0.9     
   0.9     
   0.9     
   2.5     
   2.5     
   2.5     
   2.5     
   0.86    
   0.86    
   0.86    
   0.86    
   2.5     
   2.5     
   2.5     
   2.5     
   0.91    
   0.91    
   0.91    
   0.91    

EFC_STATE
  1
  1
  1
  1
  1
  1
  1
  1
  1
  1
  1
  1
  1
  1
  1
  1
  1
  1
  1
  1
  1
  1
  1
  1
  1
  1
  1
  1
  1
  1
  1
  1
  1
  1
  1
  1
  1
  1
  1
  1
  1
  1
  1
  1
  1

QFRC_CONSTRAINT
  -3.9e-06 
  -1.3e-05 
   1.5e+02 
  -0.12    
   0.97    
   0.59    
   1.1     
   0.44    
  -0.31    
  -1       
   0.97    
   0.19    
   1.1     
   0.41    
  -0.29    
  -1.1     
   0.47    
  -0.33    

QFRC_INVERSE
   0       
   0       
   0       
   0       
   0       
   0       
   0       
   0       
   0       
   0       
   0       
   0       
   0       
   0       
   0       
   0       
   0       
   0       

CACC
   0         0         0        -0        -0         9.8     
   1.4e-05  -3.1e-06  -6e-07    -2.9e-07  -9.1e-07   9.8     
  -1.1e-05   1.5e-07  -1.9e-06  -2.6e-07  -2.6e-07   9.8     
  -1.1e-05   3.7e-06  -6.1e-07  -1.9e-07  -5.4e-07   9.8     
  -1.1e-05   1.6e-06  -1.4e-06  -4.6e-07  -5e-07     9.8     
  -1.7e-05   9.4e-07  -2.3e-06  -3.1e-07  -1.6e-06   9.8     
  -1.8e-05  -3.9e-06   2.3e-07  -3.1e-07  -2.1e-06   9.8     
  -1.8e-05  -4e-06     2.7e-07  -3.1e-07  -2.1e-06   9.8     
   1.4e-05  -3.1e-06  -6.1e-07  -2.9e-07  -9e-07     9.8     
   1.3e-05  -1.3e-05  -6e-06    -9.7e-07  -1.8e-06   9.8     
   1.4e-05  -2.5e-06  -2.7e-07   9.5e-07   1.4e-07   9.8     
  -2.6e-05   2.1e-06  -2.7e-06  -3.2e-07  -1.8e-06   9.8     
  -2.7e-05  -6.4e-06  -2e-06    -2.3e-07  -1.7e-06   9.8     
  -2.6e-05   2.9e-06  -2.8e-06   4.9e-07  -2.1e-06   9.8     

CFRC_INT
   3.9e-16   1.8e-15  -1.4e-15   9.5e-17  -1.4e-15  -8.9e-15 
   3.9e-16   1.8e-15  -1.4e-15   9.5e-17  -1.4e-15  -8.9e-15 
   0.16     -2.3       9.4e-05   0.00019   0.00079   11      
   0.052    -0.92      9.4e-05   0.00019   0.00079   4.5     
  -0.96      1.1       9.4e-05   0.00019   0.00079  -6.8     
  -1.1      -3.6      -0.66      0.087     3.7       15      
  -0.68     -2.3      -0.66      0.087     3.7       8.6     
   0.7      -0.65     -0.66      0.087     3.7      -2.7     
  -0.17      1.2       0.0003   -0.00066  -0.00074   6.8     
  -0.61      0.093     0.0003   -0.00066  -0.00074   0.18    
  -2.1      -2.2       0.0003   -0.00066  -0.00074  -11      
  -0.06      1.3       0.66     -0.087    -3.7       7       
   0.055     0.066     0.66     -0.087    -3.7       0.38    
   1        -2.5       0.66     -0.087    -3.7      -11      

CFRC_EXT
   0         0         0         0         0         0       
  -1.6      -5.3      -0.00027  -0.00046   0.0029    1.1e+02 
   0         0         0         0         0         0       
   0         0         0         0         0         0       
   1.3      -1.5      -9.4e-05  -0.00019  -0.00079   9.2     
   0         0         0         0         0         0       
   0         0         0         0         0         0       
  -1.1       0.95      0.66     -0.087    -3.7       5.1     
   0         0         0         0         0         0       
   0         0         0         0         0         0       
   2.6       2.7      -0.0003    0.00066   0.00074   13      
   0         0         0         0         0         0       
   0         0         0         0         0         0       
  -1.3       3.1      -0.66      0.087     3.7       13      

